Abuse001_x264.mp4 1 230 365 -1 -1
Abuse002_x264.mp4 1 1 250 -1 -1
Abuse003_x264.mp4 1 833 3588 -1 -1
Abuse004_x264.mp4 1 870 2000 -1 -1
Abuse005_x264.mp4 1 692 930 -1 -1
Abuse006_x264.mp4 1 323 1822 -1 -1
Abuse007_x264.mp4 1 64 184 -1 -1
Abuse008_x264.mp4 1 4400 4600 -1 -1
Abuse009_x264.mp4 1 260 577 -1 -1
Abuse010_x264.mp4 1 100 459 -1 -1
Abuse011_x264.mp4 1 312 551 -1 -1
Abuse012_x264.mp4 1 320 3105 -1 -1
Abuse013_x264.mp4 1 1 1600 -1 -1
Abuse014_x264.mp4 1 1000 1400 -1 -1
Abuse015_x264.mp4 1 2850 3800 -1 -1
Abuse016_x264.mp4 1 350 1300 -1 -1
Abuse017_x264.mp4 1 550 1150 -1 -1
Abuse018_x264.mp4 1 1750 2433 -1 -1
Abuse019_x264.mp4 1 2131 3100 -1 -1
Abuse020_x264.mp4 1 1679 2890 -1 -1
Abuse021_x264.mp4 1 832 1183 -1 -1
Abuse022_x264.mp4 1 170 1400 -1 -1
Abuse023_x264.mp4 1 497 992 -1 -1
Abuse024_x264.mp4 1 566 1010 -1 -1
Abuse025_x264.mp4 1 880 1150 -1 -1
Abuse026_x264.mp4 1 100 784 -1 -1
Abuse027_x264.mp4 1 1650 3768 -1 -1
Abuse028_x264.mp4 1 174 311 -1 -1
Abuse029_x264.mp4 1 15 300 -1 -1
Abuse030_x264.mp4 1 1270 1416 -1 -1
Abuse031_x264.mp4 1 2693 4408 -1 -1
Abuse032_x264.mp4 1 978 1050 1450 2250
Abuse033_x264.mp4 1 3321 3440 -1 -1
Abuse034_x264.mp4 1 193 650 -1 -1
Abuse035_x264.mp4 1 1940 2550 -1 -1
Abuse036_x264.mp4 1 3150 4000 -1 -1
Abuse037_x264.mp4 1 98 750 -1 -1
Abuse038_x264.mp4 1 150 759 -1 -1
Abuse039_x264.mp4 1 11350 11896 -1 -1
Abuse040_x264.mp4 1 1100 1964 -1 -1
Abuse041_x264.mp4 1 97 205 -1 -1
Abuse042_x264.mp4 1 1500 1590 7705 8700
Abuse043_x264.mp4 1 1500 2800 1000 1241
Abuse044_x264.mp4 1 1750 2433 -1 -1
Abuse045_x264.mp4 1 1 1800 3950 4100
Abuse046_x264.mp4 1 100 350 355 445
Abuse047_x264.mp4 1 71 390 940 1105
Abuse048_x264.mp4 1 162 480 907 1630
Abuse049_x264.mp4 1 430 730 -1 -1
Abuse050_x264.mp4 1 1464 1814 2200 2676
Arrest001_x264.mp4 2 1174 1556 -1 -1
Arrest002_x264.mp4 2 143 1750 -1 -1
Arrest003_x264.mp4 2 650 1087 -1 -1
Arrest004_x264.mp4 2 787 3400 -1 -1
Arrest005_x264.mp4 2 250 2820 -1 -1
Arrest006_x264.mp4 2 920 2740 -1 -1
Arrest007_x264.mp4 2 1513 2220 -1 -1
Arrest008_x264.mp4 2 4500 5030 -1 -1
Arrest009_x264.mp4 2 889 1638 -1 -1
Arrest010_x264.mp4 2 1979 2247 -1 -1
Arrest011_x264.mp4 2 1571 2175 -1 -1
Arrest012_x264.mp4 2 563 1642 -1 -1
Arrest013_x264.mp4 2 100 280 -1 -1
Arrest014_x264.mp4 2 -1 -1 -1 -1
Arrest015_x264.mp4 2 200 500 -1 -1
Arrest016_x264.mp4 2 1200 1500 -1 -1
Arrest017_x264.mp4 2 592 3433 -1 -1
Arrest018_x264.mp4 2 -1 -1 -1 -1
Arrest019_x264.mp4 2 318 600 -1 -1
Arrest020_x264.mp4 2 -1 -1 -1 -1
Arrest021_x264.mp4 2 1959 8356 -1 -1
Arrest022_x264.mp4 2 338 1502 -1 -1
Arrest023_x264.mp4 2 1192 1808 -1 -1
Arrest024_x264.mp4 2 992 3630 -1 -1
Arrest025_x264.mp4 2 325 705 -1 -1
Arrest026_x264.mp4 2 715 4500 -1 -1
Arrest027_x264.mp4 2 -1 -1 -1 -1
Arrest028_x264.mp4 2 739 1000 -1 -1
Arrest029_x264.mp4 2 3685 5300 -1 -1
Arrest030_x264.mp4 2 5572 6644 -1 -1
Arrest031_x264.mp4 2 1359 1810 -1 -1
Arrest032_x264.mp4 2 164 580 -1 -1
Arrest033_x264.mp4 2 17 167 -1 -1
Arrest034_x264.mp4 2 2834 6088 -1 -1
Arrest035_x264.mp4 2 3991 5279 -1 -1
Arrest036_x264.mp4 2 771 1521 -1 -1
Arrest037_x264.mp4 2 327 2133 -1 -1
Arrest038_x264.mp4 2 478 2196 -1 -1
Arrest039_x264.mp4 2 7701 10793 -1 -1
Arrest040_x264.mp4 2 557 1774 -1 -1
Arrest041_x264.mp4 2 401 1584 -1 -1
Arrest042_x264.mp4 2 357 1550 -1 -1
Arrest043_x264.mp4 2 1300 3000 -1 -1
Arrest044_x264.mp4 2 723 3214 -1 -1
Arrest046_x264.mp4 2 4189 5040 -1 -1
Arrest047_x264.mp4 2 2246 4750 -1 -1
Arrest048_x264.mp4 2 1018 3200 -1 -1
Arrest049_x264.mp4 2 2950 6990 -1 -1
Arrest050_x264.mp4 2 2202 7111 -1 -1
Arrest051_x264.mp4 2 2817 8356 -1 -1
Arson001_x264.mp4 3 1838 2000 -1 -1
Arson002_x264.mp4 3 2183 3400 -1 -1
Arson003_x264.mp4 3 2700 3969 -1 -1
Arson005_x264.mp4 3 1 1175 -1 -1
Arson006_x264.mp4 3 634 2550 -1 -1
Arson007_x264.mp4 3 1350 5900 -1 -1
Arson008_x264.mp4 3 1 500 -1 -1
Arson009_x264.mp4 3 104 320 -1 -1
Arson010_x264.mp4 3 1930 2680 -1 -1
Arson011_x264.mp4 3 90 405 -1 -1
Arson012_x264.mp4 3 1 200 210 350
Arson013_x264.mp4 3 5256 5700 -1 -1
Arson014_x264.mp4 3 515 2639 -1 -1
Arson015_x264.mp4 3 6842 7100 8250 10200
Arson016_x264.mp4 3 50 1700 -1 -1
Arson017_x264.mp4 3 466 1250 -1 -1
Arson018_x264.mp4 3 1 520 -1 -1
Arson019_x264.mp4 3 10500 15000 -1 -1
Arson020_x264.mp4 3 1256 1693 -1 -1
Arson021_x264.mp4 3 262 1390 -1 -1
Arson022_x264.mp4 3 1000 4500 -1 -1
Arson023_x264.mp4 3 770 1368 -1 -1
Arson024_x264.mp4 3 1150 1510 -1 -1
Arson025_x264.mp4 3 340 700 -1 -1
Arson026_x264.mp4 3 1676 2326 -1 -1
Arson027_x264.mp4 3 1603 2335 -1 -1
Arson028_x264.mp4 3 1450 2000 -1 -1
Arson029_x264.mp4 3 530 1032 -1 -1
Arson030_x264.mp4 3 347 1570 -1 -1
Arson031_x264.mp4 3 2200 2680 -1 -1
Arson032_x264.mp4 3 50 553 1543 1932
Arson034_x264.mp4 3 480 586 -1 -1
Arson035_x264.mp4 3 517 710 -1 -1
Arson036_x264.mp4 3 50 1699 -1 -1
Arson037_x264.mp4 3 279 460 -1 -1
Arson038_x264.mp4 3 1 243 -1 -1
Arson039_x264.mp4 3 1 281 -1 -1
Arson040_x264.mp4 3 50 475 -1 -1
Arson041_x264.mp4 3 2077 3600 -1 -1
Arson042_x264.mp4 3 3200 5432 -1 -1
Arson044_x264.mp4 3 1 572 -1 -1
Arson045_x264.mp4 3 500 3652 -1 -1
Arson046_x264.mp4 3 1000 1950 -1 -1
Arson047_x264.mp4 3 412 586 -1 -1
Arson048_x264.mp4 3 1 414 -1 -1
Arson049_x264.mp4 3 1 387 -1 -1
Arson050_x264.mp4 3 814 1000 -1 -1
Arson051_x264.mp4 3 446 563 -1 -1
Arson052_x264.mp4 3 786 1257 -1 -1
Arson053_x264.mp4 3 4231 5334 -1 -1
Assault001_x264.mp4 4 126 706 1720 2000
Assault002_x264.mp4 4 80 700 -1 -1
Assault003_x264.mp4 4 50 2400 -1 -1
Assault004_x264.mp4 4 600 2350 -1 -1
Assault005_x264.mp4 4 300 1100 -1 -1
Assault006_x264.mp4 4 1050 2300 -1 -1
Assault007_x264.mp4 4 520 1800 -1 -1
Assault008_x264.mp4 4 50 7000 -1 -1
Assault009_x264.mp4 4 400 666 -1 -1
Assault010_x264.mp4 4 11310 11678 -1 -1
Assault011_x264.mp4 4 374 871 -1 -1
Assault012_x264.mp4 4 306 428 -1 -1
Assault013_x264.mp4 4 320 845 -1 -1
Assault014_x264.mp4 4 145 913 -1 -1
Assault015_x264.mp4 4 400 728 -1 -1
Assault016_x264.mp4 4 961 1341 -1 -1
Assault017_x264.mp4 4 576 1331 -1 -1
Assault018_x264.mp4 4 26 140 -1 -1
Assault019_x264.mp4 4 874 1500 -1 -1
Assault020_x264.mp4 4 50 188 -1 -1
Assault022_x264.mp4 4 1 882 -1 -1
Assault023_x264.mp4 4 871 919 -1 -1
Assault024_x264.mp4 4 292 447 -1 -1
Assault025_x264.mp4 4 400 932 -1 -1
Assault026_x264.mp4 4 123 846 -1 -1
Assault027_x264.mp4 4 2255 2650 5000 5235
Assault028_x264.mp4 4 550 1142 -1 -1
Assault029_x264.mp4 4 256 610 -1 -1
Assault030_x264.mp4 4 664 1274 -1 -1
Assault031_x264.mp4 4 134 491 -1 -1
Assault032_x264.mp4 4 100 260 -1 -1
Assault033_x264.mp4 4 634 1250 -1 -1
Assault034_x264.mp4 4 1550 2300 -1 -1
Assault035_x264.mp4 4 1 800 -1 -1
Assault036_x264.mp4 4 90 880 -1 -1
Assault037_x264.mp4 4 2563 2835 -1 -1
Assault038_x264.mp4 4 1 138 -1 -1
Assault039_x264.mp4 4 120 255 -1 -1
Assault040_x264.mp4 4 638 1900 -1 -1
Assault041_x264.mp4 4 200 582 -1 -1
Assault042_x264.mp4 4 96 2824 -1 -1
Assault044_x264.mp4 4 1 764 -1 -1
Assault045_x264.mp4 4 87 210 -1 -1
Assault046_x264.mp4 4 1 314 -1 -1
Assault047_x264.mp4 4 31 315 -1 -1
Assault048_x264.mp4 4 139 340 -1 -1
Assault049_x264.mp4 4 310 606 -1 -1
Assault050_x264.mp4 4 55 600 -1 -1
Assault051_x264.mp4 4 250 445 -1 -1
Assault052_x264.mp4 4 180 527 -1 -1
Burglary001_x264.mp4 5 226 3535 -1 -1
Burglary002_x264.mp4 5 102 2805 -1 -1
Burglary003_x264.mp4 5 1 1150 -1 -1
Burglary004_x264.mp4 5 100 1700 -1 -1
Burglary005_x264.mp4 5 4523 6837 -1 -1
Burglary006_x264.mp4 5 100 1274 6150 7750
Burglary007_x264.mp4 5 379 950 -1 -1
Burglary008_x264.mp4 5 241 1566 -1 -1
Burglary009_x264.mp4 5 500 2118 -1 -1
Burglary010_x264.mp4 5 2841 5500 5500 5888
Burglary011_x264.mp4 5 30 1835 -1 -1
Burglary012_x264.mp4 5 1 1500 -1 -1
Burglary013_x264.mp4 5 188 2000 -1 -1
Burglary014_x264.mp4 5 1 2500 -1 -1
Burglary015_x264.mp4 5 50 1043 -1 -1
Burglary016_x264.mp4 5 1000 5258 -1 -1
Burglary017_x264.mp4 5 63 2113 -1 -1
Burglary018_x264.mp4 5 512 1126 -1 -1
Burglary019_x264.mp4 5 1 2500 -1 -1
Burglary020_x264.mp4 5 50 2561 -1 -1
Burglary021_x264.mp4 5 280 1269 -1 -1
Burglary022_x264.mp4 5 150 2250 -1 -1
Burglary023_x264.mp4 5 1 1500 -1 -1
Burglary024_x264.mp4 5 50 1772 -1 -1
Burglary025_x264.mp4 5 250 1940 -1 -1
Burglary026_x264.mp4 5 50 1400 -1 -1
Burglary027_x264.mp4 5 30 2000 -1 -1
Burglary028_x264.mp4 5 125 955 -1 -1
Burglary029_x264.mp4 5 2446 4552 -1 -1
Burglary030_x264.mp4 5 250 900 -1 -1
Burglary031_x264.mp4 5 1000 5810 -1 -1
Burglary032_x264.mp4 5 7782 9150 -1 -1
Burglary033_x264.mp4 5 1 550 -1 -1
Burglary034_x264.mp4 5 270 1080 -1 -1
Burglary035_x264.mp4 5 200 1727 -1 -1
Burglary036_x264.mp4 5 1 1000 -1 -1
Burglary037_x264.mp4 5 150 1750 -1 -1
Burglary038_x264.mp4 5 1 655 -1 -1
Burglary039_x264.mp4 5 4200 8280 -1 -1
Burglary040_x264.mp4 5 750 1750 1830 4200
Burglary041_x264.mp4 5 50 1771 -1 -1
Burglary042_x264.mp4 5 2550 4000 -1 -1
Burglary043_x264.mp4 5 250 500 -1 -1
Burglary044_x264.mp4 5 50 3770 -1 -1
Burglary045_x264.mp4 5 500 8530 -1 -1
Burglary046_x264.mp4 5 300 1065 1303 2030
Burglary047_x264.mp4 5 300 2600 -1 -1
Burglary048_x264.mp4 5 550 1506 -1 -1
Burglary049_x264.mp4 5 -1 -1 -1 -1
Burglary050_x264.mp4 5 1 832 -1 -1
Burglary051_x264.mp4 5 500 930 -1 -1
Burglary052_x264.mp4 5 3546 5512 -1 -1
Burglary053_x264.mp4 5 2777 3030 -1 -1
Burglary054_x264.mp4 5 1 295 -1 -1
Burglary055_x264.mp4 5 787 2550 -1 -1
Burglary056_x264.mp4 5 100 1416 -1 -1
Burglary057_x264.mp4 5 30 3500 -1 -1
Burglary058_x264.mp4 5 -1 -1 -1 -1
Burglary059_x264.mp4 5 1 401 -1 -1
Burglary060_x264.mp4 5 305 505 -1 -1
Burglary061_x264.mp4 5 4000 5500 -1 -1
Burglary062_x264.mp4 5 1900 2600 -1 -1
Burglary063_x264.mp4 5 692 2937 -1 -1
Burglary064_x264.mp4 5 1 1000 -1 -1
Burglary065_x264.mp4 5 5789 7500 -1 -1
Burglary066_x264.mp4 5 100 1760 -1 -1
Burglary067_x264.mp4 5 259 1268 -1 -1
Burglary068_x264.mp4 5 205 546 -1 -1
Burglary069_x264.mp4 5 1277 2115 -1 -1
Burglary070_x264.mp4 5 282 799 -1 -1
Burglary071_x264.mp4 5 150 2751 -1 -1
Burglary072_x264.mp4 5 145 363 -1 -1
Burglary073_x264.mp4 5 250 2300 -1 -1
Burglary074_x264.mp4 5 137 2000 -1 -1
Burglary075_x264.mp4 5 2587 5073 -1 -1
Burglary076_x264.mp4 5 11518 12200 -1 -1
Burglary077_x264.mp4 5 292 1800 -1 -1
Burglary078_x264.mp4 5 1 301 -1 -1
Burglary079_x264.mp4 5 10200 11000 -1 -1
Burglary080_x264.mp4 5 86 1114 -1 -1
Burglary081_x264.mp4 5 1 416 -1 -1
Burglary082_x264.mp4 5 846 1219 -1 -1
Burglary083_x264.mp4 5 2028 2520 -1 -1
Burglary084_x264.mp4 5 3794 4294 -1 -1
Burglary085_x264.mp4 5 1 1050 -1 -1
Burglary086_x264.mp4 5 1 1000 -1 -1
Burglary087_x264.mp4 5 1000 2100 -1 -1
Burglary088_x264.mp4 5 100 1316 -1 -1
Burglary089_x264.mp4 5 1030 2528 -1 -1
Burglary090_x264.mp4 5 200 2250 -1 -1
Burglary091_x264.mp4 5 250 3200 -1 -1
Burglary092_x264.mp4 5 254 443 -1 -1
Burglary093_x264.mp4 5 492 659 -1 -1
Burglary094_x264.mp4 5 250 903 -1 -1
Burglary095_x264.mp4 5 25033 25772 -1 -1
Burglary096_x264.mp4 5 764 2890 -1 -1
Burglary097_x264.mp4 5 1 302 -1 -1
Burglary098_x264.mp4 5 1 902 -1 -1
Burglary099_x264.mp4 5 1 1000 -1 -1
Burglary100_x264.mp4 5 5000 7406 -1 -1
Explosion001_x264.mp4 6 1 400 -1 -1
Explosion002_x264.mp4 6 1350 2000 -1 -1
Explosion003_x264.mp4 6 1 255 -1 -1
Explosion004_x264.mp4 6 1 400 -1 -1
Explosion005_x264.mp4 6 150 400 -1 -1
Explosion006_x264.mp4 6 1 389 -1 -1
Explosion007_x264.mp4 6 1500 2750 -1 -1
Explosion008_x264.mp4 6 1000 1350 -1 -1
Explosion009_x264.mp4 6 150 500 -1 -1
Explosion010_x264.mp4 6 200 1000 -1 -1
Explosion011_x264.mp4 6 771 1400 -1 -1
Explosion012_x264.mp4 6 50 300 -1 -1
Explosion013_x264.mp4 6 2269 3000 -1 -1
Explosion014_x264.mp4 6 300 750 -1 -1
Explosion015_x264.mp4 6 30 250 -1 -1
Explosion016_x264.mp4 6 70 400 -1 -1
Explosion017_x264.mp4 6 950 1200 -1 -1
Explosion018_x264.mp4 6 919 1070 -1 -1
Explosion019_x264.mp4 6 150 280 -1 -1
Explosion020_x264.mp4 6 1 339 -1 -1
Explosion021_x264.mp4 6 50 305 -1 -1
Explosion022_x264.mp4 6 2029 2421 -1 -1
Explosion023_x264.mp4 6 450 1450 -1 -1
Explosion024_x264.mp4 6 800 1000 -1 -1
Explosion025_x264.mp4 6 200 418 -1 -1
Explosion026_x264.mp4 6 50 2100 -1 -1
Explosion027_x264.mp4 6 100 450 -1 -1
Explosion028_x264.mp4 6 200 850 -1 -1
Explosion029_x264.mp4 6 1800 2250 -1 -1
Explosion030_x264.mp4 6 500 2000 -1 -1
Explosion032_x264.mp4 6 100 330 -1 -1
Explosion033_x264.mp4 6 900 1330 1350 2000
Explosion034_x264.mp4 6 1 416 -1 -1
Explosion035_x264.mp4 6 200 350 2600 2700
Explosion036_x264.mp4 6 1900 2150 -1 -1
Explosion037_x264.mp4 6 50 400 -1 -1
Explosion038_x264.mp4 6 1950 2200 650 860
Explosion039_x264.mp4 6 650 850 450 550
Explosion040_x264.mp4 6 850 1100 -1 -1
Explosion041_x264.mp4 6 50 350 -1 -1
Explosion042_x264.mp4 6 50 650 -1 -1
Explosion043_x264.mp4 6 4400 4700 -1 -1
Explosion044_x264.mp4 6 50 300 -1 -1
Explosion045_x264.mp4 6 500 757 -1 -1
Explosion046_x264.mp4 6 22200 22500 -1 -1
Explosion047_x264.mp4 6 1050 1300 -1 -1
Explosion048_x264.mp4 6 200 450 -1 -1
Explosion050_x264.mp4 6 1 200 -1 -1
Explosion051_x264.mp4 6 650 1300 -1 -1
Explosion052_x264.mp4 6 1000 1750 -1 -1
Fighting002_x264.mp4 7 140 800 2150 2500
Fighting003_x264.mp4 7 1840 2000 2050 2300
Fighting004_x264.mp4 7 30 1200 11850 12970
Fighting005_x264.mp4 7 1130 1460 -1 -1
Fighting006_x264.mp4 7 300 750 -1 -1
Fighting007_x264.mp4 7 1 400 1250 2750
Fighting008_x264.mp4 7 1800 2000 2800 3160
Fighting009_x264.mp4 7 1520 1780 -1 -1
Fighting010_x264.mp4 7 2730 3140 -1 -1
Fighting011_x264.mp4 7 1980 2890 -1 -1
Fighting012_x264.mp4 7 50 330 -1 -1
Fighting013_x264.mp4 7 70 1160 -1 -1
Fighting014_x264.mp4 7 1910 2240 -1 -1
Fighting015_x264.mp4 7 2330 3200 -1 -1
Fighting016_x264.mp4 7 40 1000 -1 -1
Fighting017_x264.mp4 7 50 1200 1630 1815
Fighting018_x264.mp4 7 105 350 -1 -1
Fighting019_x264.mp4 7 600 1500 -1 -1
Fighting020_x264.mp4 7 30 860 1160 1250
Fighting021_x264.mp4 7 1480 1710 -1 -1
Fighting022_x264.mp4 7 630 810 2680 3360
Fighting023_x264.mp4 7 300 420 -1 -1
Fighting024_x264.mp4 7 90 300 1120 1530
Fighting025_x264.mp4 7 600 1490 -1 -1
Fighting026_x264.mp4 7 420 880 -1 -1
Fighting027_x264.mp4 7 2110 3200 -1 -1
Fighting028_x264.mp4 7 450 1600 -1 -1
Fighting029_x264.mp4 7 170 510 1050 2500
Fighting030_x264.mp4 7 1080 1600 -1 -1
Fighting031_x264.mp4 7 900 1080 2000 3200
Fighting032_x264.mp4 7 500 720 970 1200
Fighting033_x264.mp4 7 600 780 -1 -1
Fighting034_x264.mp4 7 1560 1780 2700 3100
Fighting035_x264.mp4 7 60 250 -1 -1
Fighting036_x264.mp4 7 1 820 1360 1780
Fighting037_x264.mp4 7 2750 2890 -1 -1
Fighting038_x264.mp4 7 290 800 -1 -1
Fighting039_x264.mp4 7 800 1000 1800 2500
Fighting040_x264.mp4 7 670 1800 -1 -1
Fighting041_x264.mp4 7 18630 19100 -1 -1
Fighting042_x264.mp4 7 280 1230 -1 -1
Fighting043_x264.mp4 7 500 1020 -1 -1
Fighting044_x264.mp4 7 300 1150 2280 2440
Fighting045_x264.mp4 7 1040 1360 1910 2200
Fighting046_x264.mp4 7 490 1200 -1 -1
Fighting047_x264.mp4 7 60 760 880 1700
Fighting048_x264.mp4 7 2170 2660 2860 3130
Fighting049_x264.mp4 7 60 280 510 1020
Fighting050_x264.mp4 7 11930 13300 15500 16100
Fighting051_x264.mp4 7 1180 1730 4460 5350
